+34626833264
+34686349894
+34618867399
+34639136322
+34683229826
+34626295888
+34626885494
+34629147836
+34646148695
+34676661962
+34629513275
+34646385226
+34629346258
+34628497459
+34639345533
+34619345859
+34638759487
+34659478578
+34629549472
+34659834225
+34639435191
+34679734162
+34636276785
+34646142456
+34626771325
+34648432313
+34699785586
+34686995413
+34649835992
+34629283723
+34639339963
+34618894149
+34686948336
+34628244311
+34619717614
+34619372628
+34682489492
+34629542454
+34628343817
+34626875657
+34629913869
+34684237423
+34626734665
+34679894422
+34639221876
+34626624585
+34638257865
+34699271166
+34659447385
+34669211415
+34679754273
+34699515359
+34616676964
+34686991279
+34679759131
+34619844888
+34669332959
+34676929416
+34676524564
+34659284262
+34676741481
+34638349787
+34629718686
+34648469312
+34646397761
+34679185988
+34699338259
+34699718664
+34699262714
+34676532281
+34629293718
+34616976859
+34659243897
+34699738932
+34676131418
+34629372212
+34699877668
+34686123171
+34648875872
+34649238782
+34616712287
+34636763768
+34649494532
+34619466716
+34616535723
+34699375445
+34649124545
+34626553423
+34676847471
+34616586186
+34621218821
+34628297586
+34684112686
+34629543836
+34669693515
+34686286755
+34629487278
+34689582747
+34629565217
+34636114614
+34681155619
+34686512777
+34626181159
+34626351941
+34659224554
+34636696348
+34669546629
+34619222234
+34676893918
+34689779522
+34628342513
+34629742983
+34636892745
+34639552464
+34636164758
+34659675196
+34618518171
+34689149437
+34616412675
+34628944122
+34649524136
+34648487935
+34646682311
+34628881132
+34649686437
+34639173358
+34679855274
+34648461162
+34676826716
+34699255497
+34683597546
+34679934595
+34679269373
+34696214654
+34626782728
+34683591724
+34619155334
+34689496857
+34648211778
+34676119275
+34696425398
+34638926885
+34669673256
+34659699777
+34636219116
+34699398321
+34628793721
+34636355569
+34682153224
+34646494592
+34659923176
+34676139965
+34636698365
+34689189643
+34636613524
+34649453138
+34646928389
+34638557214
+34679494758
+34619882829
+34659856848
+34629767239
+34648499735
+34646328894
+34628313178
+34628384881
+34629281441
+34686526643
+34659363451
+34646266259
+34621295683
+34646445123
+34626859457
+34689159975
+34648729968
+34659657923
+34638371737
+34618325187
+34686127255
+34699174985
+34659581643
+34638566218
+34619532319
+34616582273
+34696415777
+34639313579
+34696114744
+34626487438
+34648536941
+34639518276
+34649598596
+34626687428
+34636538726
+34629329431
+34646286494
+34619545657
+34659129363
+34686741373
+34616144814
+34616951257
+34676181175
+34679957972
+34669361821
+34626551729
+34659265939
+34626953757
+34639342369
+34616577266
+34619567831
+34626316571
+34676614272
+34659666537
+34659884777
+34636877268
+34629127292
+34619953888
+34676821262
+34696854454
+34669136681
+34619664289
+34626984771
+34616764473
+34636787272
+34676477679
+34616712621
+34696343235
+34686883962
+34646854246
+34682767851
+34626251831
+34649418643
+34629317187
+34686575596
+34621246289
+34628357199
+34619626172
+34626113384
+34616774689
+34676521878
+34626348648
+34699934247
+34616939647
+34618112884
+34689465421
+34676626464
+34616442399
+34638496967
+34689796499
+34679679141
+34628912573
+34699639883
+34669248677
+34636532197
+34618118615
+34636447347
+34629446879
+34626289915
+34639939482
+34699535172
+34638823991
+34636965639
+34626165545
+34618282885
+34649348955
+34616516943
+34686834368
+34616773512
+34616861913
+34619261189
+34646563795
+34629643653
+34629271782
+34638354251
+34629331348
+34676188516
+34636818134
+34686382313
+34646139739
+34696629149
+34638247795
+34639964543
+34659986416
+34628362377
+34686374429
+34626912251
+34638332346
+34638515873
+34669223356
+34696736311
+34636853332
+34646561672
+34686218266
+34676519436
+34616288785
+34649858589
+34699244516
+34639281566
+34689825952
+34629436623
+34649595629
+34619742355
+34639368894
+34639941651
+34646374721
+34699678877
+34649624874
+34639183389
+34619752989
+34638146646
+34649897516
+34676372516
+34686961112
+34689545575
+34676784323
+34649523479
+34616838617
+34648736683
+34626161577
+34626472166
+34618129929
+34636885626
+34626127173
+34679319479
+34676171995
+34646112752
+34626957849
+34616962235
+34676449749
+34626422285
+34619219995
+34679392582
+34639163448
+34649857587
+34638482637
+34638135111
+34626127463
+34686727494
+34626415663
+34616217392
+34638851923
+34618889931
+34699232281
+34621263973
+34676198545
+34659722884
+34699659826
+34659875399
+34682492745
+34686894353
+34686919133
+34619411745
+34638468837
+34626142352
+34638151639
+34626945187
+34616546197
+34696822814
+34649759314
+34689326174
+34686317594
+34679299557
+34659586716
+34676882968
+34636427454
+34679254679
+34639692287
+34626218217
+34638566853
+34619745179
+34676876197
+34686289841
+34696377986
+34696888556
+34646546868
+34686642695
+34669465664
+34626674187
+34646974951
+34679721926
+34669695125
+34648189797
+34639579327
+34618883214
+34639617716
+34616118795
+34628537181
+34648233952
+34636863488
+34648886933
+34636363312
+34676234969
+34628477622
+34639711679
+34626535822
+34659932833
+34684221343
+34616453192
+34684346735
+34639818498
+34696811561
+34618785126
+34682819986
+34683365362
+34669549867
+34689999355
+34618427189
+34689747793
+34636443219
+34669357857
+34676287365
+34628941619
+34679964353
+34696465133
+34636972728
+34696515765
+34628212584
+34629732422
+34689141926
+34646219672
+34626512227
+34618891165
+34659794152
+34669177865
+34619627414
+34679818475
+34686431899
+34646328978
+34681385538
+34619381339
+34686978593
+34636739523
+34616461947
+34679822124
+34696893866
+34616957466
+34696952719
+34679884587
+34669794969
+34621225411
+34699347437
+34649862214
+34699413546
+34636343623
+34679962344
+34638326486
+34618878568
+34676223641
+34676279213
+34629284865
+34669691966
+34616134678
+34616817567
+34638624883
+34648495286
+34646622782
+34699822858
+34659289178
+34686649375
+34619969756
+34628377736
+34659884767
+34628291478
+34638618549
+34639118981
+34626669534
+34659353445
+34696916847
+34618518215
+34686225913
+34659171317
+34646462173
+34616828477
+34649191875
+34646155449
+34646543686
+34689638168
+34646214662
+34616895735
+34696689517
+34689656757
+34679217595
+34636711126
+34696833962
+34616941527
+34686488479
+34636755563
+34679681289
+34683267721
+34669314792
+34618933659
+34616221912
+34696278919
+34659118861
+34646416492
+34682357821
+34683186587
+34628367136
+34616157353
+34638573453
+34669534748
+34683626859
+34679455132
+34648615269
+34619947843
+34683555816
+34626562363
+34628992982
+34639785761
+34669786785
+34689358575
+34618654927
+34626958489
+34636532712
+34696653958
+34618311669
+34679251971
+34629282482
+34628629932
+34619515951
+34626224348
+34619188135
+34659345938
+34629386233
+34639993549
+34648137338
+34669424939
+34646679999
+34636796969
+34649363733
+34699963741
+34696942478
+34639982157
+34629475333
+34649986566
+34629218796
+34649318829
+34629868233
+34639112198
+34659383421
+34676777695
+34639327349
+34619571733
+34676939498
+34649572125
+34699879717
+34696769239
+34626884662
+34636379496
+34616771656
+34646377712
+34676544823
+34699568774
+34638233822
+34679147479
+34649351617
+34639642378
+34679885456
+34696592596
+34669248173
+34699632945
+34626399553
+34616639227
+34616521171
+34636534416
+34619218649
+34618299569
+34669494957
+34686585113
+34619745312
+34669442176
+34649948162
+34686215111
+34646433822
+34679544571
+34636541297
+34629424264
+34646834731
+34628784369
+34636526427
+34636385958
+34676336846
+34616855888
+34618484484
+34659454984
+34626361751
+34628263665
+34626616346
+34629475894
+34616159191
+34696366888
+34629644392
+34686449994
+34696995978
+34636224573
+34686331549
+34686335712
+34676743522
+34626314922
+34626988299
+34621266416
+34648618797
+34669362781
+34616635273
+34649117222
+34616464575
+34696846635
+34618876153
+34676416639
+34628759598
+34686156834
+34636966924
+34699985433
+34638168963
+34646628197
+34628635795
+34696422963
+34636727881
+34636915851
+34629271545
+34619791327
+34629416966
+34649118872
+34676359181
+34629485543
+34696398869
+34626124252
+34686839218
+34679938248
+34696123653
+34616156756
+34686984394
+34618328187
+34618381831
+34619291389
+34669892683
+34696579157
+34619248113
+34676899813
+34699914319
+34679286791
+34619787189
+34686524424
+34649916792
+34686768261
+34699777544
+34626332495
+34616277685
+34696236691
+34646884598
+34669657819
+34638782842
+34636568297
+34639969619
+34626574425
+34669933327
+34646762381
+34638535354
+34648629365
+34679485558
+34628684276
+34686259189
+34696313659
+34669158465
+34629614614
+34676148899
+34669627582
+34669823343
+34659147456
+34629748828
+34626578516
+34619528648
+34638298587
+34648986858
+34626592249
+34646348115
+34696159873
+34669131245
+34618982376
+34669665712
+34629262973
+34696117337
+34639623658
+34619415862
+34629285717
+34638918614
+34616181817
+34659972888
+34629392744
+34636542165
+34659185289
+34649847194
+34618447794
+34634548424
+34618111263
+34616492687
+34626237746
+34616646388
+34636755451
+34696156919
+34679234958
+34616595681
+34669928229
+34628383375
+34649548147
+34681289678
+34696773523
+34683119454
+34619585141
+34649566233
+34626865698
+34681197576
+34649266976
+34636778382
+34638478528
+34659376313
+34682366484
+34618821643
+34628142682
+34684211569
+34636693872
+34636919599
+34636387416
+34629467428
+34696291539
+34659756238
+34618726256
+34618243122
+34679666445
+34686823484
+34679557525
+34686461915
+34616662952
+34649476241
+34676768899
+34629953418
+34648132899
+34649458918
+34639568635
+34669236161
+34669513741
+34628761657
+34618854875
+34682798289
+34696918555
+34686768848
+34686441977
+34679397227
+34619443241
+34659811948
+34679968289
+34629691830
+34639618945
+34620422530
+34659355452
+34636329951
+34616544669
+34682358415
+34649801479
+34638378480
+34618580684
+34646512851
+34696131484
+34636861248
+34620846946
+34689801416
+34650318325
+34689582831
+34616944659
+34630451958
+34626379757
+34690105644
+34616757595
+34699560501
+34648129447
+34626765692
+34630565214
+34686674011
+34639351091
+34684298176
+34638306031
+34689362017
+34616045352
+34620947322
+34680368983
+34659389217
+34649335691
+34681065502
+34686983642
+34696360661
+34684195513
+34628662425
+34628678988
+34679949331
+34630258054
+34686349223
+34638755443
+34659644094
+34619701743
+34696624100
+34646751326
+34681098829
+34686099487
+34630658012
+34660146487
+34629951326
+34626749111
+34629827981
+34650983315
+34628266971
+34660113852
+34639641749
+34646969017
+34690119998
+34606021570
+34618617666
+34620604994
+34619889472
+34696224771
+34639023539
+34620931336
+34618025750
+34629818664
+34676265439
+34636470105
+34626038174
+34676119240
+34676880786
+34648644268
+34618488752
+34669818270
+34679543255
+34636210481
+34686042874
+34676003221
+34681308342
+34686294922
+34628459310
+34621222499
+34619625708
+34659589504
+34682502266
+34683131947
+34660527310
+34699841909
+34639332707
+34696117658
+34636777976
+34636638437
+34669255016
+34679976789
+34618572292
+34646593479
+34619649420
+34699687969
+34628098922
+34621203366
+34618313852
+34646151213
+34618773141
+34626432332
+34679702984
+34619582224
+34646126376
+34669475924
+34608528078
+34690665348
+34696642404
+34608324814
+34616132704
+34639863654
+34696779301
+34679519780
+34660382588
+34619558402
+34628305744
+34646531726
+34686882382
+34659465110
+34630327114
+34636650520
+34626763567
+34686507744
+34683654793
+34636485489
+34650283679
+34660482091
+34650292526
+34696359641
+34616809876
+34690361267
+34660127080
+34679233454
+34634567314
+34689167260
+34680436184
+34646026272
+34630669921
+34648658155
+34690377635
+34686032973
+34618563802
+34639647108
+34619048592
+34689836577
+34618257612
+34649926509
+34636744635
+34629744582
+34628406796
+34649848002
+34679572140
+34606591390
+34630672776
+34650149556
+34618988620
+34618849178
+34660587709
+34636001768
+34649501147
+34650631630
+34619793936
+34626456529
+34646977896
+34649931721
+34619782813
+34686749101
+34650641828
+34686257611
+34618050510
+34616487182
+34686892137
+34629314491
+34649997702
+34646128302
+34681099121
+34630116387
+34659629722
+34676913320
+34636609741
+34638151474
+34648455250
+34681352551
+34686666783
+34648166956
+34629640117
+34650558548
+34650642819
+34696436653
+34619523785
+34636392251
+34650971166
+34638906063
+34616186104
+34696684319
+34628709607
+34619439287
+34628991448
+34619785191
+34699330199
+34686830453
+34639745182
+34629307800
+34649621939
+34638615285
+34696914194
+34638451160
+34629549502
+34696303191
+34628998416
+34639717980
+34626497285
+34659773350
+34680464499
+34696191235
+34636920961
+34676315887
+34626812871
+34676022949
+34636212266
+34629882602
+34646848930
+34630458641
+34636963212
+34669410150
+34650436968
+34650395194
+34629502710
+34639517285
+34639204945
+34650542290
+34690962954
+34669621859
+34618625802
+34696033246
+34689455038
+34618688623
+34639731244
+34679384958
+34696288391
+34669893725
+34619894002
+34689011687
+34669167905
+34630410054
+34620726147
+34669444032
+34646414447
+34699129377
+34696746765
+34630316698
+34648409992
+34638430825
+34696522607
+34690863091
+34638264868
+34629116716
+34630000418
+34669663912
+34620558314
+34639590692
+34646325894
+34618831184
+34648487320
+34626559948
+34636004962
+34683392291
+34696211282
+34699473521
+34696188704
+34660050696
+34619168588
+34630645107
+34679413613
+34660147230
+34699053018
+34619517353
+34660019273
+34650808816
+34696765566
+34676802247
+34699616397
+34648246469
+34683630107
+34638104080
+34649374729
+34649031384
+34649731686
+34636724178
+34690146679
+34646812679
+34676827642
+34646573453
+34690212240
+34636694162
+34649126398
+34609946036
+34699797282
+34684071074
+34628583697
+34699483366
+34679277960
+34648544443
+34638308617
+34689308219
+34639906950
+34630820530
+34648715910
+34616034128
+34659662278
+34619791003
+34620685251
+34699239274
+34686716614
+34690862743
+34650075410
+34669783313
+34629100669
+34680764929
+34616099310
+34626480945
+34616584040
+34636531633
+34681345670
+34690740065
+34626152733
+34638061285
+34638256044
+34699770561
+34699297650
+34619769581
+34606671561
+34630155756
+34660126574
+34669461010
+34648607831
+34619789603
+34679185378
+34619563024
+34699329297
+34619666071
+34649182673
+34620659308
+34636635152
+34660838841
+34689170439
+34616938374
+34680520585
+34620009974
+34679993624
+34680110892
+34646946441
+34699171302
+34620929300
+34618599013
+34659049335
+34639700105
+34646535443
+34616008657
+34619024382
+34639369667
+34676803042
+34638531710
+34638118581
+34636362593
+34639879209
+34684261987
+34618564803
+34686182320
+34628595213
+34619870281
+34686413892
+34682788700
+34638856200
+34628301229
+34630740519
+34638317319
+34639222221
+34609921532
+34650951268
+34629281425
+34618928819
+34639305079
+34676471517
+34689618149
+34648254212
+34660559186
+34690603668
+34690025878
+34660308519
+34626998719
+34684305378
+34620046774
+34636069506
+34630391671
+34636085112
+34616954191
+34659629501
+34649135976
+34649978908
+34679305319
+34690609121
+34669526115
+34618951525
+34696982567
+34686990792
+34620905019
+34646500581
+34660804693
+34682831193
+34639641723
+34618841963
+34609127089
+34628789390
+34650128645
+34639929346
+34676615745
+34606926408
+34669422318
+34630017570
+34638602865
+34696416552
+34690145669
+34660952635
+34679876935
+34619623534
+34629552188
+34618476320
+34659959109
+34659592426
+34659342567
+34650821553
+34669904000
+34648026808
+34650512561
+34649115723
+34659506018
+34646159862
+34636004801
+34650486412
+34620331820
+34636200390
+34669755428
+34686973385
+34660077674
+34669559657
+34699753183
+34618514751
+34628297359
+34696999678
+34689807643
+34639779641
+34686203406
+34630688726
+34686291112
+34686666726
+34616142592
+34618972617
+34696961968
+34616218910
+34648858823
+34696547586
+34649219928
+34684344741
+34650195693
+34646328893
+34699467492
+34636809262
+34630552226
+34686060537
+34680526233
+34636975412
+34639413468
+34646325884
+34684179982
+34636512036
+34621220184
+34649832905
+34699630199
+34686367170
+34639530325
+34628783298
+34618594380
+34680866368
+34638889273
+34618974587
+34629560523
+34660149436
+34696037751
+34629316644
+34618425404
+34689982629
+34636323026
+34629302348
+34650366073
+34696007057
+34649158366
+34679765389
+34669189222
+34683166834
+34639687880
+34636165930
+34618666693
+34669870519
+34669931547
+34683654721
+34684059360
+34636508773
+34639538007
+34619655143
+34679169302
+34629476020
+34680324550
+34619932252
+34650072038
+34630469164
+34630141077
+34649228097
+34629282031
+34619514263
+34650512609
+34676692467
+34630742119
+34676489452
+34626548671
+34659775783
+34639372865
+34669469733
+34621220294
+34638210251
+34669136839
+34660305495
+34699627695
+34619718145
+34620322728
+34630552975
+34619724303
+34636024699
+34649502370
+34680995058
+34620736246
+34690798508
+34676782244
+34696964481
+34696418996
+34669514124
+34699137159
+34619988262
+34646626012
+34618931430
+34646574568
+34618677482
+34619966058
+34630287217
+34696973802
+34679255361
+34660434555
+34628557517
+34650104471
+34690292904
+34679442189
+34696894135
+34618461238
+34634571414
+34620967331
+34616906210
+34620942680
+34686325056
+34680758589
+34649085591
+34619650933
+34676743466
+34682610610
+34669919555
+34676113713
+34682303470
+34679668259
+34638328218
+34618775039
+34686712059
+34619130368
+34676398850
+34630044550
+34669814805
+34660718579
+34619686480
+34680951585
+34676722099
+34680201078
+34636152905
+34686570971
+34629559125
+34626106677
+34639103415
+34699220683
+34620424150
+34616913234
+34628739621
+34679790299
+34660244220
+34626024024
+34689113560
+34638959857
+34669498223
+34679078478
+34660044698
+34676554573
+34619659804
+34639510001
+34636174088
+34659633167
+34619247541
+34650412405
+34608271281
+34659191005
+34680873235
+34619934190
+34660958962
+34679397559
+34699321836
+34684045299
+34676529448
+34629126066
+34616119263
+34616163479
+34626612032
+34638351332
+34620037909
+34696563602
+34626412497
+34676709689
+34616924749
+34620048379
+34618431748
+34679268341
+34606877164
+34682867230
+34659775065
+34626247505
+34690951358
+34629782760
+34696406061
+34620968898
+34650519832
+34659728926
+34620556140
+34636870592
+34699078875
+34659914314
+34659015345
+34630032603
+34628496817
+34646835108
+34686213548
+34676109621
+34649216049
+34630116760
+34689681123
+34682820911
+34646415112
+34608894272
+34680134003
+34659675575
+34690626946
+34648131720
+34676486216
+34620219993
+34629807834
+34630456172
+34636325357
+34630987784
+34629364583
+34639439104
+34689096772
+34699297739
+34669983583
+34630802265
+34682084933
+34619770175
+34638538107
+34659188057
+34699836990
+34689096675
+34616546953
+34690945145
+34646042221
+34696642011
+34626984342
+34690282111
+34620940210
+34621224457
+34628306256
+34689366964
+34626190963
+34686868851
+34682546667
+34681330372
+34679483796
+34681136656
+34636046546
+34669831936
+34620680751
+34636916149
+34630962632
+34660488477
+34619767737
+34689143616
+34649260473
+34620395856
+34628352307
+34620888651
+34686630306
+34659918043
+34686685534
+34639745573
+34696532881
+34646931900
+34608642167
+34696481719
+34636488468
+34669774739
+34616093845
+34699979635
+34639765931
+34699999545
+34620729078
+34630553925
+34699108485
+34619255979
+34629933857
+34676971483
+34616486342
+34684125418
+34650499662
+34660019597
+34619427844
+34690797208
+34646255816
+34649283141
+34690206735
+34638885433
+34650917063
+34690749203
+34626047518
+34676098305
+34626905074
+34649763057
+34659093400
+34619420784
+34686840479
+34699216739
+34619066191
+34648929035
+34629112717
+34636080672
+34618848055
+34659417948
+34684167494
+34680860719
+34676201365
+34676377971
+34649871244
+34646832301
+34618370325
+34686412097
+34649766555
+34699156603
+34676874244
+34659076145
+34619349335
+34626123603
+34629512107
+34638190601
+34679976759
+34679043240
+34636940147
+34679820605
+34639044587
+34628574555
+34646923716
+34626346307
+34636649648
+34676363426
+34628348804
+34649556709
+34669015857
+34646920141
+34628176713
+34629865292
+34649618103
+34636585281
+34649882485
+34620454446
+34669874762
+34660920062
+34629823998
+34639814100
+34638268357
+34659245054
+34629541130
+34696579530
+34616107298
+34608115690
+34626470872
+34680523360
+34696327303
+34626425700
+34639349310
+34679491909
+34686869153
+34682515831
+34619545654
+34680736635
+34676228806
+34648687317
+34696183911
+34638078860
+34639054402
+34648577726
+34690953490
+34669479542
+34690022587
+34638840580
+34650418558
+34676867842
+34618024305
+34650915171
+34609618140
+34630403679
+34679766810
+34660181861
+34616719116
+34620670513
+34684349898
+34646089708
+34681068343
+34650832404
+34636993620
+34696534031
+34618883610
+34630670250
+34686613414
+34676950844
+34684092040
+34616117140
+34616025519
+34646562899
+34682296384
+34636804214
+34649648750
+34650982024
+34629667177
+34659265335
+34629528281
+34616776199
+34660709073
+34648787136
+34619055987
+34628092597
+34616805609
+34606602023
+34618713835
+34629631295
+34626112055
+34649940798
+34699858393
+34679038847
+34669441512
+34620082028
+34630482494
+34636088007
+34650768815
+34619523830
+34686949381
+34659779829
+34699314452
+34616598054
+34639837002
+34684124841
+34676361653
+34686575296
+34682484875
+34606760175
+34699436205
+34620852450
+34679659645
+34628094691
+34636502784
+34676256166
+34629141900
+34696150880
+34676551696
+34619950908
+34648219245
+34669382456
+34669488401
+34616884850
+34689087087
+34638433255
+34646389054
+34676644656
+34680153905
+34676469928
+34638952250
+34616661963
+34690102255
+34619745345
+34628723641
+34676299932
+34676793347
+34659448640
+34682871450
+34690347976
+34620039850
+34659844178
+34680188241
+34696112340
+34616364439
+34636592345
+34626778544
+34620699020
+34626886714
+34681204298
+34628536647
+34618263610
+34648007955
+34696786788
+34681120762
+34629863266
+34620923795
+34676954617
+34660396900
+34636823960
+34649545474
+34626941486
+34620272578
+34699050405
+34618217659
+34690270644
+34630880166
+34619254750
+34679595533
+34659090640
+34690696476
+34696995954
+34646376126
+34696465876
+34626121452
+34699210775
+34618964700
+34619904607
+34639408421
+34618700965
+34650876463
+34659384264
+34639550920
+34628842901
+34680182923
+34628657559
+34689468543
+34619067535
+34619466414
+34686332032
+34636971249
+34630401038
+34660953920
+34609231419
+34639049333
+34619271312
+34699970155
+34646703210
+34608189945
+34629084414
+34626351769
+34630785840
+34683603881
+34619291128
+34660288888
+34699866467
+34638053428
+34686110954
+34636656068
+34646423333
+34660390081
+34689988599
+34626325805
+34629205682
+34639141129
+34649767131
+34669311800
+34650061849
+34608158499
+34618334073
+34679051503
+34636294853
+34639625871
+34682656980
+34680677980
+34679710334
+34689581879
+34639586690
+34686612848
+34649914040
+34619084808
+34659851440
+34650861406
+34630374675
+34649939467
+34646407604
+34686598599
+34639118091
+34699419757
+34686385871
+34699760599
+34696543903
+34618642424
+34696679270
+34626850829
+34606968513
+34696715468
+34634517374
+34689581560
+34638903996
+34630835190
+34659229069
+34684286923
+34636549299
+34676905893
+34646097735
+34676360327
+34619961454
+34699121218
+34684008799
+34628285000
+34659310016
+34659508344
+34618449967
+34648793511
+34682553347
+34649218014
+34616951316
+34628891695
+34619361729
+34636468906
+34620883739
+34636246148
+34679193151
+34638264658
+34681092309
+34690143205
+34638467428
+34616546614
+34626156680
+34649836121
+34680472300
+34620010169
+34636632224
+34660635350
+34628366511
+34676095890
+34689048673
+34618640077
+34659440668
+34699755128
+34696308297
+34638909983
+34680619777
+34682492507
+34669928097
+34660991458
+34628049342
+34686303895
+34616958022
+34684313465
+34689536141
+34676064813
+34676388792
+34630902092
+34626780515
+34639402098
+34686442971
+34618510114
+34626173437
+34636696556
+34669439693
+34646558588
+34648210478
+34676551125
+34649993309
+34616723489
+34686600659
+34618627993
+34669202632
+34650463260
+34616567433
+34626833515
+34628137475
+34630543991
+34690318208
+34616090982
+34618939009
+34619917289
+34630643144
+34686277735
+34660018427
+34618206989
+34686931779
+34618492658
+34686595618
+34616763632
+34639251185
+34686540497
+34649342092
+34606609869
+34650010553
+34618280549
+34638705496
+34618322845
+34628111194
+34650113122
+34649341194
+34616926249
+34696209903
+34638986791
+34628868028
+34639793220
+34629443133
+34620563828
+34616215787
+34649847022
+34616518862
+34650689927
+34636796703
+34650198188
+34659442266
+34634531178
+34626582931
+34648934445
+34616287921
+34620784233
+34696433794
+34638158220
+34616106440
+34669664988
+34669117140
+34630831919
+34699636847
+34659696534
+34669182190
+34629073410
+34619989037
+34626269879
+34680110893
+34679731801
+34616155911
+34686141598
+34696685808
+34669056968
+34699898452
+34620822968
+34679895192
+34648544417
+34686735948
+34626554008
+34618789582
+34646196620
+34648463927
+34676551290
+34696560575
+34659954493
+34620407133
+34660813090
+34686781316
+34616120973
+34676466463
+34626262556
+34680344114
+34638402177
+34618680352
+34650528685
+34626518309
+34686938323
+34638953134
+34649927332
+34626773331
+34679491715
+34676947547
+34650046690
+34690660482
+34679990595
+34626862954
+34618100457
+34636135828
+34699717137
+34636162956
+34660444995
+34680203633
+34618309656
+34650775478
+34646938420
+34690635291
+34659441270
+34639810449
+34659105346
+34690937062
+34676482455
+34680519313
+34686716205
+34636509577
+34660176632
+34648232216
+34619282066
+34619240018
+34629588713
+34616905629
+34636704733
+34636261132
+34619088506
+34680864475
+34636221682
+34649122928
+34620394362
+34616588466
+34619043064
+34620319413
+34609224070
+34650940183
+34682871873
+34616036216
+34676020333
+34608259147
+34669151360
+34618377703
+34646450602
+34626174371
+34649407421
+34686636901
+34669033497
+34620231607
+34689446285
+34646449687
+34619527217
+34680689403
+34659221220
+34660815511
+34616174933
+34686346817
+34619862864
+34646862682
+34689171098
+34619868385
+34679070311
+34620191263
+34699407571
+34618307869
+34649476812
+34616893191
+34620002519
+34669807974
+34620033334
+34669638307
+34626260629
+34626104580
+34699295054
+34684063335
+34629408702
+34650635399
+34684099163
+34682269953
+34669258752
+34618722142
+34619576161
+34680400476
+34646084666
+34689958317
+34686163665
+34619956690
+34636492701
+34619575822
+34682718240
+34618876125
+34649153199
+34636965233
+34630419837
+34620976138
+34650549503
+34659494171
+34648253234
+34682306315
+34620155926
+34608651410
+34636947407
+34609317783
+34626269798
+34680229143
+34699070800
+34649211489
+34689704745
+34648829788
+34638415535
+34669893904
+34649872917
+34683177776
+34699753940
+34696103279
+34649658909
+34676958187
+34639557747
+34676983058
+34630381366
+34648123440
+34696043465
+34616404816
+34669758061
+34646238835
+34659507326
+34620694343
+34659972972
+34659621255
+34650007962
+34684271543
+34628115141
+34619377495
+34676505804
+34630908790
+34646770939
+34620605163
+34690800627
+34680719461
+34636047495
+34660643416
+34628194695
+34626592504
+34608607832
+34689685190
+34696903590
+34680425393
+34683226620
+34628742369
+34626264092
+34649958730
+34686572042
+34639794993
+34636272390
+34650033027
+34680596764
+34616025599
+34649863357
+34629857776
+34621269637
+34650862713
+34648895606
+34616207895
+34676807896
+34679175514
+34676974365
+34620314016
+34639814130
+34680705794
+34683490022
+34690160857
+34676364743
+34686847233
+34619334269
+34660220683
+34626421025
+34669796950
+34628061211
+34684240063
+34628093446
+34626361628
+34638531877
+34629174609
+34696835177
+34619654493
+34686049234
+34676107901
+34639356961
+34690939549
+34636117722
+34689839121
+34630352712
+34669709474
+34696265360
+34616129082
+34684340704
+34639917861
+34620189788
+34638480784
+34620746386
+34629452847
+34616629872
+34636817720
+34669585824
+34690828785
+34636117025
+34634516532
+34639233147
+34669764899
+34636919010
+34621264690
+34636634550
+34679772018
+34649281909
+34630224544
+34636426393
+34616306154
+34646888239
+34690334394
+34679268179
+34680972539
+34650103281
+34628300245
+34680633876
+34628649234
+34669870568
+34629217116
+34630477960
+34696352155
+34638546986
+34619794727
+34699730514
+34646328913
+34620796463
+34676754421
+34629569636
+34699871906
+34696584449
+34618775250
+34682022392
+34659294997
+34650774924
+34660005301
+34689034069
+34646908571
+34619069692
+34626625366
+34620929668
+34689244002
+34639815160
+34683124322
+34646295047
+34669965363
+34646578943
+34684273388
+34682200975
+34676938886
+34686076036
+34608247359
+34676521657
+34619321650
+34646383395
+34686482961
+34639931120
+34689505276
+34638072226
+34679986513
+34616534796
+34676200158
+34676288606
+34679176438
+34686524784
+34634554737
+34620207695
+34619419699
+34659862904
+34686577774
+34626513943
+34620769348
+34626197662
+34660175074
+34646180284
+34636306963
+34629974004
+34619141780
+34659140617
+34616486254
+34660199436
+34618637736
+34669388586
+34676773469
+34638454574
+34638835918
+34636902865
+34626423229
+34680226266
+34646583692
+34699572961
+34646326504
+34683309018
+34682652442
+34659172921
+34684352838
+34629226178
+34649774302
+34646601882
+34616106561
+34660232914
+34649428054
+34619954985
+34659005468
+34626532916
+34620042255
+34638258346
+34681264461
+34683127396
+34628859959
+34650606384
+34619010897
+34626294715
+34683285211
+34639276602
+34648709559
+34699375893
+34636586887
+34620799065
+34686343792
+34676581250
+34606531913
+34630557896
+34669640618
+34690847762
+34690109723
+34639965102
+34630628111
+34659469619
+34676413590
+34626735643
+34639559317
+34686443082
+34619959302
+34676289758
+34696357215
+34626804428
+34628575502
+34680706916
+34636182829
+34696368837
+34626369239
+34616219507
+34648052580
+34659343443
+34659581177
+34619523557
+34639104130
+34650039096
+34649865261
+34626684865
+34620427134
+34619805033
+34620386657
+34646072997
+34686928105
+34639377437
+34619048363
+34609002873
+34628098046
+34636638105
+34608610966
+34684071776
+34684397031
+34689048264
+34679439413
+34638679095
+34646940638
+34683191500
+34648718585
+34620993225
+34676059656
+34619067302
+34636979898
+34630812166
+34619811988
+34684321971
+34660409903
+34684251554
+34618142909
+34680947297
+34630808222
+34660086147
+34669828624
+34646548996
+34616314519
+34619134461
+34646561449
+34618829512
+34616008839
+34630735761
+34680537003
+34676671249
+34620848449
+34616868656
+34699443161
+34636429259
+34649074089
+34680452766
+34620008137
+34679219795
+34616719592
+34616632550
+34620320006
+34634591712
+34676973382
+34616388075
+34630882458
+34649166912
+34686630576
+34629167257
+34639337866
+34616405775
+34676529241
+34636328735
+34630527889
+34659471815
+34669992886
+34680858232
+34628570293
+34620674615
+34616205212
+34696710526
+34679232866
+34690641885
+34618946139
+34636803160
+34650338750
+34620978767
+34628928363
+34620189401
+34684377432
+34619490560
+34638909069
+34626922624
+34676176006
+34616970919
+34618851404
+34679184181
+34606995186
+34630517483
+34660067294
+34628230024
+34629107054
+34650419291
+34630434843
+34626754804
+34646398981
+34626015025
+34619672224
+34639335682
+34626727543
+34669463312
+34684119287
+34616548737
+34690830423
+34676737861
+34696078095
+34683331771
+34648943889
+34620294704
+34626086476
+34629843549
+34689013382
+34684285069
+34619254438
+34616923477
+34616384096
+34686894184
+34618443559
+34616183077
+34650600018
+34628353503
+34669500072
+34690107116
+34616655005
+34684150779
+34626808723
+34659054273
+34649908714
+34630266085
+34646233482
+34696429097
+34626833686
+34669383752
+34626249008
+34618758071
+34650753882
+34646389786
+34679554555
+34682249104
+34636021761
+34626997553
+34648929244
+34646258893
+34681366599
+34629682173
+34630003602
+34659901548
+34690760213
+34669617112
+34649932417
+34660534025
+34609373437
+34699164615
+34690354424
+34649320117
+34669488333
+34649060195
+34618870156
+34648055197
+34636362257
+34659976077
+34699483115
+34616930106
+34618631529
+34649890378
+34639959520
+34649134935
+34696262623
+34646902320
+34689732519
+34681379436
+34682195571
+34680942181
+34699692275
+34618402025
+34686049519
+34628883946
+34689167024
+34659689046
+34650695130
+34650337323
+34679125225
+34686929099
+34690138846
+34650810349
+34620027972
+34619415102
+34679478692
+34628076999
+34660306262
+34626965102
+34682658264
+34650771614
+34638353693
+34676909546
+34684054065
+34650129906
+34636380858
+34650154906
+34650682768
+34629679635
+34628997494
+34660861120
+34699740473
+34616576064
+34659676855
+34699515496
+34676650897
+34660803075
+34636843954
+34618450958
+34626298213
+34689152740
+34690844113
+34680659840
+34630679189
+34628824816
+34686070726
+34690279935
+34650586798
+34660654749
+34630531715
+34626789904
+34682443070
+34689731246
+34696670817
+34618766447
+34676177254
+34616442187
+34686233409
+34686922046
+34646216900
+34659412719
+34626028311
+34649109938
+34669389595
+34676736040
+34616480111
+34609915184
+34686009258
+34696231813
+34646122711
+34686671791
+34639442779
+34669624321
+34638173226
+34686705243
+34606449962
+34699892501
+34646194681
+34608442028
+34649678532
+34684074555
+34626608582
+34649511594
+34686625829
+34606530341
+34639524239
+34616434152
+34649972007
+34626327712
+34609486813
+34649296492
+34680162763
+34699007002
+34669696826
+34639970157
+34690304032
+34676287931
+34609741515
+34669693802
+34669473476
+34639178688
+34676839200
+34628114005
+34699788593
+34696186614
+34636425648
+34686935831
+34686372959
+34619287897
+34638829292
+34679741776
+34618744517
+34616226491
+34630911264
+34636100224
+34689963683
+34650089476
+34676517786
+34620468328
+34629629887
+34680198006
+34683237025
+34696564120
+34690175765
+34618990886
+34639456345
+34638407359
+34650813730
+34669272778
+34680522776
+34680556008
+34618132085
+34628857217
+34646190826
+34638845730
+34649461203
+34679050028
+34638582607
+34682453242
+34676154242
+34616300331
+34639350321
+34618983212
+34626568665
+34618323666
+34676332357
+34660228640
+34649679098
+34669474212
+34618116377
+34650712325
+34659568686
+34684080694
+34620451098
+34634541205
+34630931910
+34680378998
+34660472900
+34686631672
+34629684061
+34620297839
+34629819471
+34618464651
+34680264453
+34680170978
+34679314131
+34679282218
+34648575866
+34646203223
+34618055803
+34629345181
+34679938753
+34646036299
+34699594988
+34682693250
+34639211184
+34659502841
+34696267422
+34690036439
+34636706876
+34629914981
+34659767260
+34620558596
+34679150113
+34650802555
+34676442789
+34690068718
+34626498425
+34686695504
+34680824192
+34628451481
+34646197567
+34619123844
+34629278091
+34618311808
+34679698838
+34628227448
+34659267378
+34620632679
+34630081439
+34679671526
+34619430473
+34628927620
+34620052705
+34619302536
+34618772738
+34616706532
+34679337682
+34629635828
+34636111621
+34650765566
+34606130374
+34696903548
+34659932939
+34676554165
+34619850219
+34699827796
+34636138730
+34618469630
+34699672754
+34619737877
+34650235955
+34660374086
+34646676948
+34638619985
+34606359300
+34626104753
+34646090592
+34649998194
+34650975616
+34629916274
+34699777706
+34669767733
+34626565629
+34679272377
+34636088997
+34689716680
+34686022793
+34634552153
+34636902732
+34626541479
+34626026015
+34649328325
+34648523928
+34669229658
+34619059219
+34630065420
+34638061057
+34689876193
+34669739911
+34636138166
+34659709837
+34636550431
+34686880009
+34680939155
+34648612964
+34626807435
+34650629267
+34620126601
+34682551457
+34629560463
+34639212987
+34620182063
+34646567694
+34690605496
+34626359671
+34616173095
+34686845336
+34619047380
+34690742128
